Time	epochs	Loss	Accuracy	learning_rate
17:01:06	0	1.3020	0.6545	0.00001
17:01:06	1	0.5971	0.7182	0.00001
17:01:06	2	0.3763	0.7727	0.00001
17:01:06	3	0.2749	0.7455	0.00001
17:01:06	4	0.2173	0.7455	0.00001
17:01:06	5	0.1840	0.7273	0.00001
17:01:06	6	0.1406	0.7636	0.00001
17:01:06	7	0.1312	0.7545	0.00001
17:01:06	8	0.1173	0.7091	0.00001
17:01:06	9	0.1069	0.7273	0.00001
17:01:06	10	0.1039	0.7273	0.00001
17:01:06	11	0.0968	0.7273	0.00001
17:01:06	12	0.0935	0.7000	0.00001
17:01:06	13	0.0824	0.7364	0.00001
17:01:06	14	0.0794	0.7545	0.00001
17:01:06	15	0.0726	0.7364	0.00001
17:01:06	16	0.0679	0.7364	0.00001
17:01:06	17	0.0691	0.7545	0.00001
17:01:06	18	0.0660	0.7273	0.00001
17:01:06	19	0.0633	0.7091	0.00001
17:01:06	20	0.0587	0.7000	0.00001
17:01:06	21	0.0594	0.7273	0.00001
17:01:06	22	0.0599	0.7000	0.00001
17:01:06	23	0.0569	0.7182	0.00001
17:01:06	24	0.0496	0.7545	0.00001
17:01:06	25	0.0495	0.7455	0.00001
17:01:06	26	0.0479	0.7545	0.00001
17:01:06	27	0.0493	0.7273	0.00001
17:01:06	28	0.0455	0.7455	0.00001
17:01:06	29	0.0434	0.7455	0.00001
17:01:06	30	0.0455	0.7182	0.00001
17:01:06	31	0.0440	0.7091	0.00001
17:01:06	32	0.0380	0.7182	0.00001
17:01:06	33	0.0373	0.7364	0.00001
17:01:06	34	0.0349	0.7364	0.00001
17:01:06	35	0.0356	0.7273	0.00001
17:01:06	36	0.0358	0.7273	0.00001
17:01:06	37	0.0352	0.7182	0.00001
17:01:06	38	0.0330	0.7273	0.00001
17:01:06	39	0.0334	0.7273	0.00001
17:01:06	40	0.0315	0.7273	0.00001
17:01:06	41	0.0342	0.6909	0.00001
17:01:06	42	0.0323	0.7000	0.00001
17:01:06	43	0.0312	0.7091	0.00001
17:01:06	44	0.0305	0.7091	0.00001
17:01:06	45	0.0294	0.7273	0.00001
17:01:06	46	0.0290	0.7364	0.00001
17:01:06	47	0.0272	0.7182	0.00001
17:01:06	48	0.0267	0.7091	0.00001
17:01:06	49	0.0280	0.7182	0.00001
17:01:06	50	0.0273	0.7273	0.00001
17:01:06	51	0.0273	0.7545	0.00001
17:01:06	52	0.0272	0.7000	0.00001
17:01:06	53	0.0270	0.7364	0.00001
17:01:06	54	0.0254	0.7455	0.00001
17:01:06	55	0.0232	0.7545	0.00001
17:01:06	56	0.0267	0.7364	0.00001
17:01:06	57	0.0258	0.7091	0.00001
17:01:06	58	0.0252	0.7091	0.00001
17:01:06	59	0.0228	0.7091	0.00001
17:01:06	60	0.0218	0.7182	0.00001
17:01:06	61	0.0228	0.7091	0.00001
17:01:06	62	0.0212	0.7091	0.00001
17:01:06	63	0.0195	0.7364	0.00001
17:01:06	64	0.0202	0.7455	0.00001
17:01:06	65	0.0223	0.7182	0.00001
17:01:06	66	0.0198	0.7273	0.00001
17:01:06	67	0.0208	0.7273	0.00001
17:01:06	68	0.0207	0.7273	0.00001
17:01:06	69	0.0215	0.7091	0.00001
17:01:06	70	0.0204	0.7000	0.00001
17:01:06	71	0.0198	0.7182	0.00001
17:01:06	72	0.0205	0.7273	0.00001
17:01:06	73	0.0193	0.7273	0.00001
17:01:06	74	0.0194	0.7273	0.00001
17:01:06	75	0.0178	0.7273	0.00001
17:01:06	76	0.0175	0.7273	0.00001
17:01:06	77	0.0173	0.7364	0.00001
17:01:06	78	0.0173	0.7455	0.00001
17:01:06	79	0.0174	0.7455	0.00001
17:01:06	80	0.0181	0.7273	0.00001
17:01:06	81	0.0173	0.7364	0.00001
17:01:06	82	0.0183	0.7364	0.00001
17:01:06	83	0.0163	0.7273	0.00001
17:01:06	84	0.0170	0.7364	0.00001
17:01:06	85	0.0172	0.7364	0.00001
17:01:06	86	0.0169	0.7273	0.00001
17:01:06	87	0.0177	0.7273	0.00001
17:01:06	88	0.0169	0.7273	0.00001
17:01:06	89	0.0172	0.7182	0.00001
17:01:06	90	0.0162	0.7273	0.00001
17:01:06	91	0.0158	0.7455	0.00001
17:01:06	92	0.0141	0.7455	0.00001
17:01:06	93	0.0147	0.7364	0.00001
17:01:06	94	0.0142	0.7545	0.00001
17:01:06	95	0.0141	0.7364	0.00001
17:01:06	96	0.0157	0.7000	0.00001
17:01:06	97	0.0150	0.7455	0.00001
17:01:06	98	0.0149	0.7545	0.00001
17:01:06	99	0.0141	0.7364	0.00001
17:01:06	100	0.0135	0.7455	0.00001
17:01:06	101	0.0143	0.7364	0.00001
17:01:06	102	0.0146	0.7091	0.00001
17:01:06	103	0.0151	0.7091	0.00001
17:01:06	104	0.0137	0.7364	0.00001
17:01:06	105	0.0150	0.7364	0.00001
17:01:06	106	0.0139	0.7364	0.00001
17:01:06	107	0.0136	0.7273	0.00001
17:01:06	108	0.0144	0.7273	0.00001
17:01:06	109	0.0136	0.7364	0.00001
17:01:06	110	0.0132	0.7364	0.00001
17:01:06	111	0.0137	0.7273	0.00001
17:01:06	112	0.0139	0.7364	0.00001
17:01:06	113	0.0139	0.7364	0.00001
17:01:06	114	0.0130	0.7364	0.00001
17:01:06	115	0.0118	0.7364	0.00001
17:01:06	116	0.0132	0.7273	0.00001
17:01:06	117	0.0131	0.7091	0.00001
17:01:06	118	0.0130	0.6909	0.00001
17:01:06	119	0.0126	0.7091	0.00001
17:01:06	120	0.0121	0.7364	0.00001
17:01:06	121	0.0124	0.7091	0.00001
17:01:06	122	0.0120	0.7182	0.00001
17:01:06	123	0.0119	0.7273	0.00001
17:01:06	124	0.0117	0.7455	0.00001
17:01:06	125	0.0106	0.7273	0.00001
17:01:06	126	0.0108	0.7273	0.00001
17:01:06	127	0.0113	0.7273	0.00001
17:01:06	128	0.0112	0.7182	0.00001
17:01:06	129	0.0104	0.7364	0.00001
17:01:06	130	0.0111	0.7455	0.00001
17:01:06	131	0.0109	0.7545	0.00001
17:01:06	132	0.0105	0.7364	0.00001
17:01:06	133	0.0105	0.7364	0.00001
17:01:06	134	0.0107	0.7364	0.00001
17:01:06	135	0.0105	0.7364	0.00001
17:01:06	136	0.0102	0.7364	0.00001
17:01:06	137	0.0108	0.7364	0.00001
17:01:06	138	0.0105	0.7273	0.00001
17:01:06	139	0.0108	0.7273	0.00001
17:01:06	140	0.0111	0.7273	0.00001
17:01:06	141	0.0103	0.7273	0.00001
17:01:06	142	0.0101	0.7273	0.00001
17:01:06	143	0.0099	0.7364	0.00001
17:01:06	144	0.0100	0.7364	0.00001
17:01:06	145	0.0099	0.7091	0.00001
17:01:06	146	0.0101	0.7455	0.00001
17:01:06	147	0.0093	0.7364	0.00001
17:01:06	148	0.0097	0.7364	0.00001
17:01:06	149	0.0099	0.7364	0.00001
17:01:06	150	0.0102	0.7091	0.00001
17:01:06	151	0.0097	0.7273	0.00001
17:01:06	152	0.0096	0.7182	0.00001
17:01:06	153	0.0118	0.7364	0.00001
17:01:06	154	0.0143	0.7364	0.00001
17:01:06	155	0.0126	0.6909	0.00001
17:01:06	156	0.0111	0.6909	0.00001
17:01:06	157	0.0097	0.6818	0.00001
17:01:06	158	0.0100	0.7364	0.00001
17:01:06	159	0.0104	0.7000	0.00001
17:01:06	160	0.0102	0.7091	0.00001
17:01:06	161	0.0100	0.7000	0.00001
17:01:06	162	0.0101	0.6909	0.00001
17:01:06	163	0.0105	0.6818	0.00001
17:01:06	164	0.0105	0.6727	0.00001
17:01:06	165	0.0105	0.7364	0.00001
17:01:06	166	0.0105	0.7000	0.00001
17:01:06	167	0.0112	0.7000	0.00001
17:01:06	168	0.0110	0.7091	0.00001
17:01:06	169	0.0101	0.7091	0.00001
17:01:06	170	0.0107	0.7091	0.00001
17:01:06	171	0.0101	0.7091	0.00001
17:01:06	172	0.0100	0.7091	0.00001
17:01:06	173	0.0105	0.7091	0.00001
17:01:06	174	0.0105	0.7000	0.00001
17:01:06	175	0.0104	0.7091	0.00001
17:01:06	176	0.0107	0.7000	0.00001
17:01:06	177	0.0098	0.7091	0.00001
17:01:06	178	0.0098	0.7091	0.00001
17:01:06	179	0.0101	0.7000	0.00001
17:01:06	180	0.0098	0.7000	0.00001
17:01:06	181	0.0096	0.6909	0.00001
17:01:06	182	0.0099	0.7091	0.00001
17:01:06	183	0.0102	0.7091	0.00001
17:01:06	184	0.0098	0.7091	0.00001
17:01:06	185	0.0102	0.6909	0.00001
17:01:06	186	0.0096	0.6909	0.00001
17:01:06	187	0.0095	0.7091	0.00001
17:01:06	188	0.0099	0.7091	0.00001
17:01:06	189	0.0096	0.7000	0.00001
17:01:06	190	0.0096	0.7091	0.00001
17:01:06	191	0.0092	0.6909	0.00001
17:01:06	192	0.0099	0.7000	0.00001
17:01:06	193	0.0087	0.7091	0.00001
17:01:06	194	0.0092	0.7000	0.00001
17:01:06	195	0.0093	0.6909	0.00001
17:01:06	196	0.0093	0.6909	0.00001
17:01:06	197	0.0094	0.7091	0.00001
17:01:06	198	0.0090	0.7000	0.00001
17:01:06	199	0.0090	0.7091	0.00001
